590253258
336863625
590253258
590253258
6342563124
5740542678
1695411709
2869009172
6296853115
2354210596
6980159199
5981867923
5466717921
448821686
5444321656
4076229463
3735448440
297939348
576553403
4221201406
1678906182
1019849626
2321567068
1604130412
621139777
3973481257
5820462021
6999655056
2954441728
1393056481
1589305897
4054627829
4264011502
229906435
3653163307
6900354735
6829392290
6220507585
1808629250
3590409346
7015945451
3591834638
6984266506
2001634998
227412586
6218156490
6963091076
5516130350
758560937
6994378798
1921138887
6691772671
5761291304
2870296602
762596579
6901809061
4068333106
6953284749
6445246473
374420571
4082318585
534361043
1093588881
1692639540
506497905
784581362
3451218006
1563876591
1520874985
1961136732
