6811803388
6982775239
7005700099
6875476066
243174371
6971647862
4
3
7
6
0
5
9
8
1
6759930865
7057897045
3458546178
6309608476
7014987012
5644245443
5333166377
1670949748
6940719404
1403598054
6910494793
4461765378
780852517
1784572073
6845913528
6939829175
552210170
7014729277
6321101622
234093723
7058653720
6463861714
1409326784
3534757382
6964469518
7021893716
7032529701
1389043659
6959137612
51049009
4716096931
2877675555
1545898949
6279607918
741010680
4205737086
451445300
3041438864
6742502509
3914225102
2256277041
6000790665
6956928640
1424076455
7006019064
266455003
5372831314
366207327
6543379822
3177452053
6229631069
1163907532
1647347331
5697154757
2885212538
5779496690
3564143259
6088287877
482575102
1179015571
5802040991
1706548518
6593953879
6853575093
6044670270
6001982456
1346054308
6237798641
1263415037
6139126191
6617129768
4927478589
4008795292
6999826834
4027121840
6816449968
50891507
6670477274
1500583651
6788194947
5444105873
4151906266
2270464726
6999029600
6057880133
971470581
4051948670
6321309300
6946493821
6166582793
3534026660
6886948664
5663579743
1215567504
4212736868
7045373860
6731871308
4212730004
2260660077
1724120717
6914193725
5513958757
350700352
6456828417
570899363
6626403921
4830987898
6867358013
553189047
6729716429
369315500
6828172048
6675983406
7008681311
2226395815
3108445132
3194741169
2707506376
5457713723
5961290560
6435659770
3307169013
685711197
3471414501
1595195185
2150543849
6622616752
1982695569
3537698377
6963387050
7032936740
370113698
6899578158
6973464237
6732124283
28693245
6642318999
1258743629
6933988977
4384418822
6937145720
4088752323
6928664761
4841721188
